50.0
25.0
71.2
36.3
74.6
25.0
25.0
78.8
57.8
25.0
72.5
82.2
25.0
53.0
25.0
57.5
58.5
75.7
25.0
76.9
25.0
54.5
71.8
25.0
73.9
25.0
25.0
59.4
61.4
25.0
58.6
25.0
74.8
25.0
73.3
25.0
25.0
85.5
25.0
75.6
25.0
77.5
25.0
82.6
25.0
25.0
44.2
45.3
63.0
25.0
25.0
25.0
73.0
25.0
79.9
25.0
81.0
25.0
25.0
81.6
25.0
75.2
25.0
25.0
77.9
25.0
65.6
25.0
70.3
61.4
25.0
58.2
68.1
25.0
48.4
53.2
79.5
25.0
72.9
25.0
25.0
46.6
25.0
77.9
25.0
25.0
68.5
77.5
25.0
25.0
63.4
25.0
66.6
25.0
25.0
73.6
25.0
55.2
73.5
25.0
25.0
53.0
25.0
64.2
25.0
74.1
25.0
45.6
67.8
25.0
74.4
25.0
65.8
25.0
61.2
25.0
69.2
25.0
39.2
25.0
71.7
37.1
69.4
25.0
39.4
25.0
61.5
50.8
67.5
25.0
38.6
65.5
25.0
52.9
78.8
25.0
