62.5
64.0
63.5
62.0
61.5
62.0
62.5
62.5
61.5
59.5
63.0
69.0
63.0
63.5
63.0
64.0
68.0
61.0
70.0
61.5
60.5
63.0
61.0
60.5
61.5
66.5
61.5
60.5
63.0
64.5
62.0
61.0
66.0
62.0
60.7
60.5
61.5
62.5
59.5
62.0
61.5
62.5
62.5
60.0
60.0
61.5
61.0
62.5
62.5
62.5
62.0
58.0
61.5
59.0
62.5
61.0
61.5
62.0
62.5
62.0
66.0
60.5
59.5
62.0
61.5
61.0
62.8
61.7
62.3
61.2
61.2
61.5
62.0
61.5
62.0
61.5
61.5
61.5
62.5
61.5
62.0
61.5
62.0
62.0
62.5
62.5
63.0
63.5
61.5
62.0
62.0
62.0
62.0
61.0
60.5
61.5
62.0
62.0
62.0
62.0
61.5
62.0
62.0
60.5
61.0
61.0
61.0
61.5
61.0
60.0
62.0
61.0
62.5
62.5
62.5
62.0
62.0
62.5
62.0
62.0
60.5
62.0
61.7
62.0
61.5
60.5
62.0
61.5
63.5
62.0
62.5
62.5
62.5
59.0
60.0
59.0
61.5
61.5
58.5
61.0
61.5
61.5
62.0
62.0
62.5
56.0
61.0
62.0
62.0
62.0
62.0
62.5
62.0
61.8
62.5
61.2
61.5
63.0
61.5
62.5
61.5
62.5
62.0
61.5
62.5
62.5
54.5
60.5
59.0
61.5
65.5
71.0
60.0
62.5
62.0
62.5
62.0
61.5
60.5
60.5
57.5
61.0
62.0
60.0
66.5
65.5
62.5
65.5
66.0
66.0
61.5
67.5
66.0
61.5
61.0
62.5
60.5
62.0
61.5
60.5
62.0
63.5
61.5
64.0
61.5
61.5
62.5
62.0
62.0
62.0
62.5
