25.0
62.7
60.3
41.3
25.0
60.4
25.0
62.2
25.0
57.4
25.0
68.3
25.0
25.0
64.7
64.9
25.0
63.9
25.0
60.8
25.0
63.6
25.0
60.5
25.0
25.0
60.3
59.4
25.0
25.0
25.0
63.4
25.0
25.0
69.4
25.0
68.6
25.0
57.7
56.8
25.0
63.3
25.0
65.3
61.4
25.0
64.0
56.0
64.3
56.7
25.0
25.0
65.1
25.0
66.4
25.0
66.3
25.0
65.8
65.8
25.0
25.0
64.2
25.0
61.9
25.0
52.4
52.4
25.0
49.9
62.2
68.0
25.0
70.6
70.6
25.0
25.0
59.7
59.7
43.4
59.7
62.3
25.0
25.0
52.2
52.2
60.6
25.0
64.2
64.5
25.0
64.1
46.9
25.0
63.8
25.0
25.0
47.3
63.8
25.0
63.5
25.0
64.0
64.2
25.0
66.6
25.0
65.5
25.0
66.9
64.9
63.9
25.0
64.6
25.0
25.0
63.7
64.4
25.0
64.4
46.6
25.0
64.4
66.3
25.0
66.0
25.0
25.0
56.2
62.6
44.8
25.0
57.0
45.2
62.6
25.0
44.8
25.0
61.9
63.3
25.0
57.0
25.0
46.6
64.1
58.4
25.0
64.0
25.0
25.0
68.7
62.8
25.0
61.9
25.0
57.0
25.0
49.5
66.4
65.4
25.0
64.9
25.0
64.7
25.0
66.5
67.6
25.0
65.1
66.5
25.0
65.1
25.0
46.9
70.0
25.0
67.8
25.0
25.0
0.2
65.5
0.1
65.1
64.9
25.0
57.0
39.9
50.1
25.0
60.4
63.8
25.0
42.2
57.0
38.7
60.9
25.0
64.9
63.2
25.0
65.4
62.3
44.4
57.0
25.0
77.8
78.3
56.9
57.8
64.4
25.0
57.0
44.5
62.7
25.0
43.6
78.3
77.9
58.1
56.7
65.0
25.0
61.6
25.0
67.5
46.9
25.0
67.7
25.0
57.0
46.5
63.5
25.0
64.0
56.8
72.5
55.2
74.0
64.9
25.0
25.0
60.7
53.1
25.0
25.0
58.0
44.8
59.7
25.0
61.5
61.5
46.9
51.1
25.0
64.6
25.0
25.0
59.1
52.4
46.6
52.4
25.0
42.9
42.6
61.3
25.0
61.3
25.0
10.0
77.4
65.0
65.0
65.0
46.9
69.1
25.0
25.0
25.0
64.1
64.1
25.0
63.1
25.0
64.6
63.9
25.0
25.0
47.6
63.8
25.0
46.6
75.5
56.0
65.0
25.0
64.8
25.0
25.0
52.5
65.0
75.5
57.8
76.2
54.6
25.0
63.7
64.4
25.0
