43.0
38.2
45.0
40.0
49.8
40.0
40.0
40.8
40.0
55.4
40.0
54.7
40.0
48.7
38.1
40.0
40.0
57.8
40.0
50.7
58.1
40.0
46.1
40.0
49.0
61.5
58.5
55.3
25.0
52.1
62.2
61.6
52.1
61.8
53.2
43.2
38.2
52.7
58.2
40.0
47.7
40.0
41.0
65.4
60.7
46.5
33.7
54.5
55.4
62.0
29.0
53.2
64.0
30.0
40.0
43.1
47.7
40.0
43.3
29.4
58.1
40.0
40.0
55.6
45.5
33.8
51.6
45.5
52.1
58.8
62.0
59.9
54.2
40.0
54.8
40.0
53.6
37.7
40.0
52.5
40.0
47.9
25.0
25.0
62.6
63.1
61.0
68.7
62.0
59.8
55.2
25.0
40.0
55.4
49.4
58.6
40.0
51.7
40.0
55.0
48.9
53.4
47.5
64.0
40.0
57.3
40.0
25.0
52.2
55.8
40.0
25.0
49.5
48.5
25.0
60.8
55.4
55.4
48.1
60.0
60.6
62.0
63.2
61.0
62.0
61.0
59.7
61.7
60.2
67.6
60.0
