54.3
61.8
25.0
54.9
51.9
25.0
25.0
25.0
25.0
25.0
25.0
25.0
25.0
55.0
56.2
54.0
52.7
56.2
61.4
25.0
51.8
25.0
47.8
25.0
63.2
60.9
60.3
57.2
49.2
25.0
25.0
25.0
51.5
51.8
34.7
50.6
25.0
25.0
25.0
30.8
47.4
25.0
25.0
31.6
59.6
25.0
25.0
51.1
23.0
25.0
25.0
58.0
25.0
25.0
25.0
25.0
45.3
25.0
50.2
23.0
25.0
45.0
25.0
49.3
56.2
54.4
56.4
25.0
52.5
67.1
67.1
25.0
48.7
25.0
49.1
49.1
25.0
57.9
56.8
58.9
58.9
56.9
57.5
55.2
25.0
25.0
25.0
25.0
57.7
25.0
25.0
25.0
25.0
25.0
25.0
25.0
25.1
25.0
25.0
25.0
25.0
25.1
25.0
25.0
25.0
25.0
25.0
25.0
53.1
25.0
60.3
55.2
