47.0
33.4
34.6
44.1
49.1
45.9
43.2
37.8
58.1
45.5
37.8
57.4
44.1
43.8
48.0
43.2
34.1
43.2
44.1
34.6
40.5
52.0
25.0
45.5
57.5
25.0
43.2
44.9
51.0
43.2
57.1
34.6
44.1
56.8
45.5
45.2
57.1
42.8
44.1
56.1
34.6
59.1
52.8
34.4
34.6
50.4
43.2
47.0
56.5
44.1
34.6
43.5
43.2
48.0
37.1
50.5
34.6
44.1
51.0
34.6
58.1
44.1
34.6
38.8
55.4
44.1
34.6
43.6
56.8
34.6
37.0
50.2
44.1
48.1
34.6
36.6
44.1
45.0
54.8
33.6
40.3
57.5
58.6
49.8
55.4
40.3
44.1
37.8
34.6
55.8
41.1
34.6
57.4
49.6
34.6
54.0
34.6
58.5
59.9
34.6
51.5
44.1
34.6
40.9
52.0
62.0
45.2
42.6
57.9
44.1
64.0
40.6
46.4
61.5
38.6
50.5
43.2
37.8
57.0
43.0
59.5
48.8
37.8
43.8
44.1
34.6
52.8
41.0
34.6
52.1
61.4
43.2
45.8
60.4
37.8
44.4
49.6
38.9
52.5
44.1
25.0
43.6
59.0
43.2
49.2
37.1
60.6
25.0
