58.5
24.4
53.7
24.4
47.5
52.4
25.0
63.7
62.2
64.2
62.2
58.3
62.1
24.4
26.9
58.9
25.2
62.6
57.0
47.7
38.7
35.5
22.3
31.7
46.9
45.2
25.0
26.7
41.3
48.5
48.6
36.6
25.0
0.0
54.1
25.0
33.7
57.0
31.1
53.8
25.0
33.3
58.1
57.8
45.7
59.6
25.0
38.9
10.0
48.8
25.0
48.6
47.8
48.3
47.0
46.7
38.9
36.6
28.7
25.0
49.5
46.7
22.7
47.9
42.9
31.4
25.0
22.8
36.1
22.8
29.2
30.4
39.0
27.5
47.6
31.5
24.4
51.2
52.6
51.0
46.7
25.6
25.9
45.4
49.2
54.5
55.3
26.9
54.3
58.0
25.0
25.0
48.5
25.0
37.6
25.0
23.1
25.0
47.6
28.4
25.0
50.9
25.0
33.7
25.0
36.0
