40.2
41.7
44.1
39.5
39.2
42.0
43.9
39.4
40.6
38.3
39.3
38.6
39.7
40.2
50.7
41.7
40.1
46.2
38.8
49.5
41.2
38.0
38.5
44.4
40.5
46.0
53.9
51.1
39.8
38.8
42.9
38.1
37.5
39.6
47.5
40.1
38.9
43.6
47.4
41.9
39.6
46.8
40.4
47.2
36.9
36.7
46.9
39.9
45.7
37.2
39.3
44.0
45.8
37.8
47.6
40.8
47.0
38.9
40.4
43.3
44.0
40.8
39.6
42.5
37.1
40.1
41.8
39.3
41.1
37.7
40.7
40.4
42.7
40.0
41.0
39.3
40.0
38.1
39.3
46.7
40.8
41.7
44.8
37.9
49.1
47.3
39.9
41.9
54.4
46.0
42.6
40.1
49.0
40.7
42.2
44.7
40.5
39.5
44.8
36.8
43.5
51.4
40.0
39.5
42.1
38.6
36.8
45.0
40.2
34.9
39.0
39.8
39.1
37.1
46.9
39.5
49.2
41.7
39.2
36.7
39.6
44.6
38.8
38.9
48.1
40.3
48.2
40.1
36.8
43.1
