82.2
69.0
67.0
68.3
82.2
82.2
69.1
82.2
82.2
55.3
54.5
78.9
82.2
79.8
82.2
77.7
75.4
82.2
69.0
69.6
82.2
82.2
55.0
0.1
80.9
53.4
53.4
83.4
53.4
83.3
1.2
53.4
56.8
85.3
53.4
81.8
84.2
54.3
0.6
53.4
82.0
79.8
52.7
53.4
51.0
80.4
53.4
78.3
57.1
53.4
53.4
80.9
0.1
82.9
53.4
81.8
79.7
52.9
95.3
66.5
61.2
94.8
66.6
64.5
63.2
68.8
95.0
75.5
75.5
78.0
49.3
81.5
81.6
66.3
68.6
78.3
46.1
75.9
75.5
82.5
80.2
55.8
72.1
78.6
49.1
76.4
75.5
83.1
51.3
51.3
50.2
49.9
82.6
47.3
82.3
42.3
46.3
45.1
44.8
51.4
81.0
79.0
52.0
53.4
