25.0
25.0
25.0
22.5
25.0
24.5
21.7
24.0
20.0
58.8
55.1
60.0
58.9
25.0
25.0
67.9
69.2
25.0
25.0
25.0
25.0
25.0
25.0
25.0
25.0
25.0
73.0
71.5
25.0
25.0
25.0
25.0
21.7
24.0
21.7
24.0
25.0
60.9
56.2
56.0
44.6
51.7
56.2
56.0
56.2
56.0
51.0
56.0
55.1
56.2
56.2
56.0
54.3
45.5
56.0
56.2
55.1
56.0
56.2
52.1
56.0
56.2
56.0
56.2
55.1
56.0
56.2
62.5
53.0
56.2
56.0
56.2
52.1
56.2
56.0
56.2
52.9
56.0
56.0
56.2
50.8
56.2
66.9
56.2
56.0
56.0
53.5
56.2
56.2
58.1
56.0
47.5
56.0
56.2
56.2
55.2
56.0
50.1
56.0
56.2
56.2
43.7
56.0
57.0
31.4
51.7
56.2
56.0
74.2
56.2
56.0
56.5
56.8
69.5
67.7
