45.2
7.0
48.0
25.0
31.8
52.6
25.0
43.8
7.0
48.0
7.0
5.5
52.3
56.9
51.9
52.5
49.0
48.4
48.0
40.8
48.0
43.2
48.4
23.3
25.0
7.0
46.8
48.0
25.0
25.0
25.0
25.0
33.4
48.0
7.0
51.9
5.5
52.3
49.0
45.6
7.0
51.1
25.0
50.4
38.6
49.1
47.4
57.0
25.0
25.0
25.0
40.8
45.7
42.3
48.6
47.5
25.0
52.3
55.5
7.0
49.0
49.1
51.9
42.7
7.0
48.0
25.0
47.0
52.6
25.0
47.4
38.5
49.1
57.8
51.8
53.4
52.6
52.6
57.4
25.0
55.4
25.0
52.6
52.6
56.6
25.0
53.4
46.3
25.0
49.1
35.1
47.4
25.0
56.8
52.6
52.6
55.4
25.0
25.0
57.4
52.6
5.5
44.2
7.0
43.5
47.2
52.1
48.0
56.0
48.0
7.0
47.6
48.0
48.3
48.4
7.0
42.8
48.0
7.0
42.1
7.0
48.0
5.5
51.9
49.0
52.3
43.1
47.7
43.2
46.5
7.0
42.2
50.5
5.5
49.0
48.0
40.4
48.4
48.0
47.2
48.0
43.7
7.0
25.0
7.0
49.4
48.0
7.0
48.4
48.0
