25.0
25.0
25.0
25.0
25.0
25.0
25.0
49.7
25.0
25.0
25.0
52.2
25.0
25.0
37.6
25.0
42.0
52.4
51.2
25.0
25.0
25.0
25.0
25.0
53.0
25.0
25.0
25.0
43.0
25.0
25.0
25.0
25.0
25.0
25.0
25.0
25.0
25.0
25.0
25.0
25.0
47.6
25.0
25.0
25.0
25.0
25.0
25.0
25.0
25.0
25.0
25.0
25.0
25.0
25.0
40.8
45.5
25.0
25.0
48.0
25.0
25.0
25.0
45.9
25.0
25.0
25.0
47.5
25.0
25.0
25.0
25.0
25.0
25.0
25.0
48.3
25.0
25.0
42.7
28.8
25.0
32.5
44.5
25.0
46.7
25.0
25.0
44.5
25.0
25.0
25.0
25.0
44.1
44.9
25.0
27.3
37.5
35.4
49.0
25.0
25.0
25.0
25.0
25.0
25.0
25.0
25.0
51.5
49.2
25.0
25.0
25.0
25.0
48.1
51.0
27.9
25.0
25.0
25.0
25.0
25.0
40.5
25.0
25.0
25.0
25.0
25.0
44.1
44.6
25.0
34.5
33.0
47.0
25.0
25.0
25.0
25.0
25.0
25.0
25.0
25.0
25.0
25.0
25.0
25.0
25.0
25.0
25.0
25.0
25.0
25.0
25.0
25.0
25.0
25.0
25.0
25.0
25.0
25.0
25.0
25.0
25.0
25.0
25.0
25.0
25.0
50.1
25.0
25.0
25.0
25.0
25.0
25.0
25.0
25.0
51.0
49.7
25.0
25.0
25.0
25.0
25.0
25.0
25.0
25.0
