20.0
20.0
50.9
20.0
40.0
20.0
20.0
20.0
20.0
20.0
20.0
20.0
20.0
20.0
50.1
48.9
20.0
20.0
20.0
51.1
20.0
52.5
20.0
20.0
20.0
20.0
20.0
20.0
20.0
20.0
20.0
20.0
20.0
20.0
20.0
20.0
51.2
20.0
48.9
20.0
20.0
49.4
49.7
20.0
49.9
51.5
20.0
22.5
41.6
20.0
30.0
29.2
37.6
20.0
20.0
20.0
38.0
20.0
39.0
20.0
20.0
20.0
47.9
40.2
25.0
31.2
39.9
20.0
20.0
20.0
20.0
22.5
20.0
20.0
20.0
20.0
20.0
51.0
48.8
20.0
20.0
20.0
20.0
20.0
20.0
20.0
20.0
20.0
20.0
20.0
20.0
20.0
20.0
20.0
48.8
20.0
48.5
20.0
20.0
25.0
20.0
48.4
20.0
46.3
47.3
25.0
47.3
20.0
20.0
20.0
20.0
51.2
25.0
50.3
25.0
20.0
20.0
50.7
49.1
20.0
53.8
20.0
55.2
20.0
48.9
47.2
20.0
40.0
20.0
20.0
20.0
20.0
20.0
39.0
20.0
20.0
20.0
20.0
20.0
20.0
20.0
20.0
20.0
20.0
20.0
20.0
20.0
20.0
20.0
41.7
42.4
20.0
45.2
47.0
20.0
20.0
20.0
55.9
54.0
20.0
20.0
20.0
57.2
20.0
56.7
49.6
50.6
20.0
20.0
20.0
20.0
53.5
20.0
52.4
20.0
20.0
49.7
48.5
20.0
53.3
52.2
20.0
20.0
20.0
20.0
20.0
20.0
51.8
52.8
20.0
20.0
52.3
20.0
53.3
20.0
20.0
20.0
51.5
52.2
20.0
20.0
50.4
25.0
25.0
20.0
50.5
20.0
20.0
20.0
20.0
20.0
52.1
53.5
51.7
20.0
53.5
20.0
20.0
20.0
20.0
20.0
52.8
50.9
20.0
20.0
40.3
41.0
20.0
20.0
20.0
52.1
20.0
25.0
31.4
20.0
30.0
20.0
20.0
20.0
45.7
20.0
44.9
20.0
48.1
49.5
20.0
52.6
53.2
20.0
36.9
37.1
45.0
44.5
50.5
49.8
20.0
35.2
34.8
47.7
48.3
51.4
50.7
36.0
37.1
39.2
40.6
43.7
20.0
44.7
20.0
20.0
20.0
20.0
20.0
20.0
20.0
20.0
20.0
20.0
46.9
47.3
20.0
20.0
20.0
42.2
20.0
36.3
41.2
25.0
42.2
42.4
20.0
20.0
20.0
55.3
28.9
25.0
59.8
50.8
59.8
20.0
40.1
38.8
20.0
46.4
20.0
47.3
20.0
20.0
20.0
20.0
50.2
25.0
20.0
25.0
20.0
20.0
20.0
20.0
20.0
20.0
20.0
20.0
20.0
20.0
20.0
36.1
20.0
34.4
48.5
22.5
20.0
43.4
21.6
20.0
20.0
53.4
25.0
20.0
52.5
25.0
20.0
20.0
20.0
20.0
20.0
51.1
51.7
20.0
20.0
20.0
20.0
50.2
51.8
20.0
20.0
53.5
20.0
54.6
50.6
49.2
20.0
20.0
20.0
20.0
49.2
50.6
20.0
20.0
20.0
51.4
53.3
20.0
20.0
52.3
52.0
20.0
20.0
43.6
20.0
44.5
20.0
20.0
20.0
40.3
20.0
20.0
46.6
45.5
20.0
38.6
39.2
20.0
20.0
46.4
20.0
44.9
20.0
20.0
20.0
41.7
20.0
42.0
20.0
20.0
20.0
20.0
20.0
20.0
20.0
20.0
20.0
20.0
20.0
20.0
37.5
39.1
20.0
20.0
20.0
20.0
20.0
20.0
20.0
20.0
20.0
20.0
20.0
20.0
43.5
42.4
20.0
20.0
41.9
25.0
20.0
37.9
25.0
20.0
20.0
20.0
20.0
20.0
20.0
20.0
20.0
20.0
20.0
20.0
42.8
20.0
42.6
20.0
52.3
20.0
53.9
20.0
20.0
53.5
52.0
20.0
20.0
20.0
20.0
53.6
20.0
52.2
51.7
20.0
53.3
20.0
20.0
53.8
52.2
20.0
20.0
51.3
53.2
20.0
53.6
20.0
52.9
54.4
20.0
55.6
20.0
20.0
20.0
20.0
20.0
20.0
20.0
20.0
47.4
20.0
48.4
20.0
47.7
51.8
20.0
49.9
20.0
20.0
20.0
20.0
50.7
20.0
52.5
20.0
20.0
20.0
20.0
20.0
20.0
20.0
20.0
20.0
20.0
52.4
51.5
20.0
57.9
55.7
49.7
20.0
48.9
20.0
20.0
20.0
20.0
20.0
20.0
20.0
20.0
20.0
25.0
50.1
25.0
20.0
51.3
20.0
20.0
20.0
47.5
46.3
20.0
20.0
45.3
20.0
20.0
20.0
20.0
20.0
20.0
20.0
39.1
41.8
51.4
52.6
50.4
52.1
53.5
51.2
53.1
38.6
20.0
20.0
20.0
20.0
20.0
49.5
49.2
20.0
20.0
20.0
20.0
20.0
20.0
20.0
20.0
20.0
20.0
20.0
20.0
25.0
56.2
56.5
56.4
55.3
46.9
20.0
52.8
20.0
51.7
20.0
20.0
20.0
48.2
20.0
47.3
51.2
50.2
25.0
20.0
46.4
45.8
25.0
46.4
20.0
20.0
20.0
20.0
20.0
20.0
20.0
20.0
20.0
20.0
20.0
20.0
37.6
39.7
20.0
20.0
20.0
20.0
20.0
20.0
20.0
20.0
20.0
29.7
40.7
33.5
25.0
30.3
20.0
50.6
25.0
28.9
58.4
54.3
58.2
20.0
58.7
20.0
20.0
20.0
53.4
54.6
20.0
31.2
25.0
49.7
31.5
43.8
38.5
38.3
20.0
20.0
20.0
43.9
20.0
20.0
20.0
38.9
20.0
20.0
20.0
20.0
47.5
20.0
47.4
48.8
20.0
36.8
20.0
20.0
20.0
20.0
20.0
20.0
50.0
20.0
20.0
25.0
20.0
40.5
20.0
20.0
46.1
48.0
20.0
20.0
46.3
46.3
59.5
43.1
20.0
25.0
20.0
20.0
20.0
55.0
54.9
53.9
20.0
49.4
20.0
25.0
20.0
20.0
20.0
20.0
20.0
20.0
52.4
25.0
51.6
20.0
52.4
20.0
20.0
20.0
20.0
20.0
52.2
20.0
20.0
20.0
47.2
40.0
20.0
52.2
54.0
20.0
20.0
55.4
57.2
20.0
20.0
20.0
20.0
20.0
55.3
53.3
20.0
20.0
20.0
20.0
20.0
51.3
49.1
20.0
20.0
20.0
20.0
48.1
20.0
48.5
20.0
20.0
20.0
20.0
45.7
23.6
40.0
20.0
20.0
20.0
20.0
20.0
20.0
20.0
52.4
20.0
51.1
20.0
20.0
20.0
20.0
20.0
20.0
