58.1
60.7
62.6
40.7
25.0
51.5
25.0
54.5
52.4
53.2
54.3
42.2
54.3
51.4
50.5
48.5
49.8
46.0
48.5
50.8
46.2
35.7
25.0
51.2
50.7
52.3
52.1
51.4
37.4
48.3
41.8
37.4
48.2
37.4
49.7
25.0
50.8
48.5
50.9
42.2
39.3
52.2
54.1
51.3
55.3
53.5
55.8
54.6
50.9
53.8
46.9
53.5
51.1
52.8
50.0
51.5
52.0
49.8
49.8
49.8
52.0
25.0
38.2
49.2
50.9
49.9
42.5
25.0
47.1
50.3
51.1
25.0
50.3
53.8
25.0
58.6
50.0
52.9
52.9
51.6
46.4
51.9
51.4
52.4
56.2
51.5
25.0
60.1
59.5
53.6
51.7
51.6
57.7
52.3
52.0
51.5
58.6
53.8
51.5
56.3
25.0
49.7
50.0
53.4
49.7
57.9
51.5
51.6
50.9
51.5
57.0
50.4
51.5
57.0
51.5
57.2
52.0
51.1
52.0
50.2
55.4
51.4
50.4
49.9
52.8
53.0
52.0
55.9
49.8
52.0
49.8
49.8
52.0
49.8
49.8
48.5
47.4
51.8
25.0
52.5
48.8
48.5
49.1
37.4
51.7
34.0
37.4
53.5
56.8
53.2
25.0
54.3
56.6
56.1
50.0
54.0
51.4
55.5
46.9
48.0
51.5
44.1
41.2
59.2
33.5
57.3
54.6
47.1
47.6
49.1
47.2
50.3
58.5
55.6
60.5
45.4
25.0
48.0
49.8
52.5
51.4
55.9
53.8
25.0
50.4
48.5
51.5
25.0
55.2
48.5
53.8
47.4
25.0
56.2
52.4
48.5
