38.1
53.3
38.1
62.9
41.9
65.0
64.7
53.3
53.3
56.2
35.4
37.8
59.0
49.9
41.5
33.1
34.1
61.7
43.2
52.2
37.9
37.9
34.7
34.7
53.3
58.9
60.8
46.0
25.0
43.8
62.1
41.1
25.0
33.9
43.6
59.0
69.1
65.0
65.1
61.7
49.4
67.8
58.8
25.0
58.9
43.3
64.3
25.0
64.4
65.0
66.5
63.5
66.5
44.0
41.6
46.5
52.0
44.0
43.5
66.6
61.6
39.4
25.0
56.5
12.0
22.0
41.1
51.5
67.9
67.6
40.6
50.1
53.9
49.8
62.4
51.0
62.3
62.0
39.2
53.0
62.7
52.8
25.0
63.1
66.1
63.5
65.0
66.3
25.0
62.1
48.7
59.1
52.0
49.4
38.4
52.9
45.1
50.9
53.3
63.2
52.8
52.0
51.3
52.0
51.4
51.7
52.0
51.9
52.0
52.0
50.1
51.8
52.0
52.0
52.6
52.2
52.0
52.8
52.0
52.0
52.6
51.3
52.0
41.4
52.0
52.4
52.0
52.0
52.4
25.0
56.9
62.2
53.1
55.8
58.9
43.2
43.3
25.0
54.7
59.5
50.8
25.0
56.9
49.9
25.0
41.6
56.9
50.7
60.5
45.9
38.3
61.1
25.0
32.8
40.2
63.1
41.3
44.0
63.0
52.0
59.0
30.9
37.9
52.0
63.0
59.9
33.7
63.0
58.9
52.0
63.0
38.9
52.0
60.2
63.0
52.0
38.4
62.6
45.8
35.1
63.0
62.6
38.3
25.0
55.2
46.0
44.0
48.0
50.9
55.6
63.0
25.6
44.0
47.0
25.0
47.9
40.5
65.6
47.0
65.6
40.5
47.0
61.8
25.0
31.3
61.9
65.0
64.7
36.3
62.0
63.0
38.3
54.8
25.0
40.0
12.0
40.6
41.0
65.0
40.0
62.0
62.0
40.0
40.0
40.0
48.3
46.8
61.0
25.0
25.0
64.7
59.0
25.0
47.0
25.0
62.7
60.1
63.0
34.4
57.9
25.0
42.0
46.7
44.0
27.7
59.4
57.7
45.0
25.0
37.6
27.1
41.2
29.6
58.0
23.1
43.2
30.9
33.4
37.5
51.0
53.6
36.1
53.5
36.1
36.1
25.0
53.7
64.2
25.0
50.7
22.5
58.5
44.9
61.2
65.0
47.8
58.2
41.0
25.0
61.6
65.0
25.0
57.1
16.6
37.8
45.0
54.9
63.2
25.0
59.2
49.2
62.6
60.9
36.8
45.1
25.0
64.0
25.0
25.0
62.2
42.0
25.0
57.8
54.1
38.5
64.7
54.1
39.9
63.3
34.8
62.4
41.7
43.4
62.6
65.0
44.6
60.1
25.0
25.0
66.1
41.2
25.0
53.4
25.0
62.0
63.9
51.0
38.7
39.4
39.5
62.0
62.7
48.0
62.6
62.4
25.0
56.3
47.0
65.0
60.3
58.3
62.3
65.0
49.4
25.0
63.3
42.3
49.0
65.3
65.0
65.9
63.2
52.0
51.2
66.8
63.3
66.8
65.3
52.0
38.7
39.2
66.7
52.1
52.0
40.7
56.7
54.3
67.7
67.9
52.0
55.3
68.3
61.1
65.0
56.5
67.9
70.7
25.0
39.6
56.3
39.6
62.4
25.0
51.1
52.0
33.4
50.3
47.5
66.6
65.0
61.4
64.4
66.4
40.0
53.5
51.1
52.0
25.0
46.9
25.0
53.4
42.5
59.2
42.5
59.1
25.0
48.4
52.0
50.9
51.0
52.0
65.8
66.9
41.4
64.5
41.9
41.4
41.4
41.8
41.2
67.4
54.1
52.0
42.0
53.7
53.3
53.6
51.3
53.5
53.3
53.4
53.0
51.0
52.8
41.1
69.8
69.5
70.1
23.8
42.9
52.0
28.9
49.6
44.0
36.7
25.0
51.3
64.8
25.0
40.7
33.8
64.4
50.2
46.9
58.8
35.9
36.9
12.0
67.5
54.4
67.5
25.0
40.7
39.4
66.8
63.0
64.5
62.0
63.1
37.2
51.0
58.8
51.1
46.9
65.1
56.4
40.7
56.3
25.0
44.2
65.0
49.5
25.0
59.8
49.0
65.0
50.0
65.2
61.0
25.0
65.2
57.5
25.0
65.0
52.1
65.0
55.3
57.0
41.5
63.2
66.1
65.0
66.0
61.3
65.0
63.9
65.0
64.3
65.0
49.5
59.8
65.0
25.0
47.5
25.0
39.5
55.6
58.4
55.6
39.5
55.6
64.1
51.5
58.8
41.6
36.8
58.6
42.9
46.6
36.6
37.1
32.0
37.8
45.1
36.2
32.0
32.8
37.8
34.1
51.3
31.0
57.0
61.5
40.6
45.1
37.0
40.3
36.9
46.3
39.5
37.1
64.8
61.7
43.8
60.0
36.0
45.1
50.3
58.3
65.0
64.4
66.0
65.7
62.7
65.0
52.4
49.4
63.7
25.0
63.3
65.0
60.4
45.7
65.0
66.1
32.3
59.0
42.6
50.0
47.4
46.3
25.0
34.0
26.4
36.3
-1.0
51.1
25.0
64.3
25.0
25.0
48.7
25.0
49.4
25.0
49.1
62.1
60.1
46.2
60.1
25.0
38.5
50.2
46.6
25.0
54.0
51.5
25.0
25.0
63.2
25.0
65.4
63.5
25.0
71.6
67.6
56.0
25.0
56.2
55.2
64.5
25.0
38.6
44.1
47.0
46.0
25.0
25.0
60.8
60.8
25.0
64.4
63.4
64.0
60.6
25.0
49.8
59.7
65.0
58.3
45.2
25.0
49.1
31.3
35.6
37.8
25.0
42.4
25.0
44.1
25.0
38.6
39.3
42.5
32.4
42.3
64.9
49.0
51.0
25.0
65.0
65.2
62.4
65.3
51.0
39.2
62.0
58.7
63.3
25.0
30.7
23.5
40.0
63.0
62.0
41.0
41.0
25.0
60.4
42.7
66.8
54.5
42.7
49.4
67.8
42.7
66.8
50.6
25.0
61.6
25.0
63.4
25.0
63.0
39.3
53.3
46.9
62.1
50.8
50.3
25.0
56.3
28.3
63.0
62.6
26.8
25.0
64.7
64.6
42.2
65.0
59.0
63.0
52.0
31.0
65.0
55.2
67.6
67.8
66.0
69.0
63.0
64.7
25.0
25.0
50.0
51.7
52.0
52.0
52.0
52.0
51.8
52.2
52.0
25.0
40.5
25.0
42.8
53.0
38.8
44.9
47.9
54.2
51.4
25.0
41.6
44.1
25.0
25.0
44.2
65.9
65.0
63.3
49.8
25.0
52.4
43.1
67.2
54.5
25.0
36.4
12.0
60.0
25.0
55.0
55.2
25.0
65.0
66.5
63.8
68.2
25.0
66.7
25.0
25.0
67.3
59.4
25.0
70.8
65.2
65.0
70.6
64.5
65.0
55.5
41.4
67.2
48.9
56.4
65.6
44.9
62.4
41.0
53.3
47.1
26.8
46.2
37.0
34.9
53.3
60.1
49.2
35.8
49.0
30.3
39.8
58.7
39.8
63.5
39.8
53.3
56.7
25.5
32.4
58.8
53.3
