44.0
42.3
42.3
44.0
47.0
43.2
50.2
45.7
44.5
42.0
42.0
50.8
41.8
50.0
46.8
44.2
45.5
46.5
44.2
44.2
44.5
43.8
45.0
41.8
44.0
44.7
42.7
43.8
43.0
40.0
42.5
42.0
55.2
43.5
45.8
42.2
42.0
42.5
42.0
42.5
44.3
45.8
45.2
42.7
45.5
44.8
45.3
42.2
42.5
42.7
42.2
45.0
45.0
44.0
45.8
52.5
57.2
45.8
42.0
51.0
39.0
46.0
48.5
37.5
39.0
39.8
44.2
46.5
45.5
37.0
39.2
38.2
49.2
46.5
40.5
45.5
41.8
46.0
41.2
41.8
44.5
39.0
42.2
49.5
40.5
38.5
41.2
42.0
38.2
45.2
50.0
43.0
39.2
40.8
39.8
40.8
34.5
57.8
48.2
42.2
47.8
48.0
45.5
42.0
43.2
47.0
37.0
41.5
41.5
42.5
33.0
57.0
47.5
44.5
39.0
40.8
43.7
40.8
43.3
40.8
43.8
41.8
43.7
43.0
44.0
38.8
39.8
40.3
41.0
39.2
46.0
40.8
42.0
42.5
43.5
42.2
43.2
43.8
45.5
40.5
44.8
44.5
44.5
42.3
40.7
42.0
41.0
42.7
43.2
43.7
43.8
