15.0
15.0
15.0
15.0
15.0
15.0
15.0
15.0
15.0
15.0
15.0
41.0
42.0
15.0
43.2
15.0
15.0
15.0
15.0
15.0
15.0
15.0
15.0
15.0
15.0
15.0
15.0
15.0
15.0
15.0
15.0
15.0
15.0
15.0
15.0
15.0
15.0
15.0
15.0
15.0
40.6
15.0
15.0
15.0
15.0
39.2
15.0
15.0
20.0
44.3
20.0
15.0
15.0
46.1
15.0
46.6
15.0
48.1
15.0
43.8
15.0
46.3
15.0
15.0
15.0
15.0
15.0
38.5
15.0
15.0
15.0
48.6
15.0
15.0
45.8
15.0
15.0
15.0
43.4
15.0
15.0
15.0
15.0
15.0
15.0
15.0
51.3
15.0
15.0
46.4
15.0
15.0
44.1
44.1
15.0
46.9
46.9
46.9
15.0
43.8
15.0
51.4
15.0
15.0
47.4
15.0
15.0
41.4
15.0
15.0
49.1
15.0
15.0
15.0
15.0
15.0
15.0
15.0
15.0
53.4
15.0
15.0
15.0
15.0
15.0
15.0
15.0
15.0
15.0
15.0
15.0
15.0
