25.0
35.7
43.7
25.0
25.0
25.0
24.1
48.5
30.4
25.0
25.0
38.2
30.4
64.0
25.0
25.0
74.0
25.0
34.0
32.1
25.0
25.0
32.1
41.4
35.8
41.9
25.0
28.6
25.0
61.1
25.0
25.0
25.0
25.0
25.0
40.8
25.0
39.8
25.0
74.3
74.0
39.1
25.0
37.3
25.0
25.0
37.3
74.3
25.0
37.2
25.0
25.0
52.5
35.7
25.0
25.0
32.1
25.0
37.5
25.0
25.0
35.7
43.8
25.0
38.3
35.7
25.0
25.0
25.0
25.0
25.0
25.0
25.0
45.3
25.0
25.0
52.3
25.0
51.3
25.0
29.8
30.4
25.0
25.0
25.0
50.3
38.3
25.0
25.0
25.0
25.0
25.0
25.0
25.0
47.7
65.4
25.0
32.5
32.1
25.0
25.0
25.0
46.1
25.0
32.1
48.0
25.0
25.0
39.4
30.4
69.1
25.0
31.8
57.7
67.3
25.0
25.0
42.8
32.1
25.0
25.0
25.0
